3,0 8,0 8,0 8,0 8,0 8,0 8,0 8,0 8,0 8,0 8,0 8,0 8,0 5,0 3,0 8,0 8,0 8,0 8,0 8,0 8,0 8,0 8,0 8,0 8,0 8,0 8,0 5,0  
6,1 3,x 1,x 1,x 1,x 1,x 1,x 1,x 1,x 1,x 1,x 1,x 1,x 6,1 6,1 1,x 1,x 1,x 1,x 1,x 1,x 1,x 1,x 1,x 1,x 1,x 3,x 6,1  
6,1 1,x 0,0 1,0 1,0 2,0 1,x 0,0 1,0 1,0 1,0 2,0 1,x 6,1 6,1 1,x 0,0 1,0 1,0 1,0 2,0 1,x 0,0 1,0 1,0 2,0 1,x 6,1  
6,1 1,x 0,1 1,1 1,1 2,1 1,x 0,1 1,1 1,1 1,1 2,1 1,x 6,1 6,1 1,x 0,1 1,1 1,1 1,1 2,1 1,x 0,1 1,1 1,1 2,1 1,x 6,1  
6,1 1,x 0,2 1,2 1,2 2,2 1,x 0,2 1,2 1,2 1,2 2,2 1,x 3,2 5,2 1,x 0,2 1,2 1,2 1,2 2,2 1,x 0,2 1,2 1,2 2,2 1,x 6,1  
6,1 1,x 1,x 1,x 1,x 1,x 1,x 1,x 1,x 1,x 1,x 1,x 1,x 1,x 1,x 1,x 1,x 1,x 1,x 1,x 1,x 1,x 1,x 1,x 1,x 1,x 1,x 6,1 
6,1 1,x 0,0 1,0 1,0 2,0 1,x 3,0 5,0 1,x 3,0 8,0 8,0 8,0 8,0 8,0 8,0 5,0 1,x 3,0 5,0 1,x 0,0 1,0 1,0 2,0 1,x 6,1  
6,1 1,x 0,2 1,2 1,2 2,2 1,x 6,1 6,1 1,x 3,2 8,0 8,0 5,0 3,0 8,0 8,0 5,2 1,x 6,1 6,1 1,x 0,2 1,2 1,2 2,2 1,x 6,1  
6,1 1,x 1,x 1,x 1,x 1,x 1,x 6,1 6,1 1,x 1,x 1,x 1,x 6,1 6,1 1,x 1,x 1,x 1,x 6,1 6,1 1,x 1,x 1,x 1,x 1,x 1,x 6,1  
3,2 8,0 8,0 8,0 8,0 5,0 1,x 6,1 3,2 8,0 8,0 5,0 2,x 6,1 6,1 2,x 3,0 8,0 8,0 5,2 6,1 1,x 3,0 8,0 8,0 8,0 8,0 5,2  
0,x 0,x 0,x 0,x 0,x 6,1 1,x 6,1 3,0 8,0 8,0 5,2 2,x 3,2 5,2 2,x 3,2 8,0 8,0 5,0 6,1 1,x 6,1 0,x 0,x 0,x 0,x 0,x  
0,x 0,x 0,x 0,x 0,x 6,1 1,x 6,1 6,1 2,x 2,x 2,x 2,x 2,x 2,x 2,x 2,x 2,x 2,x 6,1 6,1 1,x 6,1 0,x 0,x 0,x 0,x 0,x  
0,x 0,x 0,x 0,x 0,x 6,1 1,x 6,1 6,1 2,x 3,0 4,0 9,0 7,x 7,x 7,0 4,0 5,0 2,x 6,1 6,1 1,x 6,1 0,x 0,x 0,x 0,x 0,x  
8,0 8,0 8,0 8,0 8,0 5,2 1,x 3,2 5,2 2,x 6,1 6,1 4,x 4,x 4,x 4,x 6,1 6,1 2,x 3,2 5,2 1,x 3,2 8,0 8,0 8,0 8,0 8,0  
5,x 5,x 2,x 2,x 2,x 2,x 1,x 2,x 2,x 2,x 6,1 6,1 4,x 4,x 4,x 4,x 6,1 6,1 2,x 2,x 2,x 1,x 2,x 2,x 2,x 2,x 6,x 6,x  
8,0 8,0 8,0 8,0 8,0 5,0 1,x 0,0 2,0 2,x 6,1 3,2 8,0 8,0 8,0 8,0 5,2 6,1 2,x 0,0 2,0 1,x 3,0 8,0 8,0 8,0 8,0 8,0  
0,x 0,x 0,x 0,x 0,x 6,1 1,x 0,1 2,1 2,x 3,2 8,0 8,0 8,0 8,0 8,0 8,0 5,2 2,x 0,1 2,1 1,x 6,1 0,x 0,x 0,x 0,x 0,x  
0,x 0,x 0,x 0,x 0,x 6,1 1,x 0,1 2,1 2,x 2,x 2,x 2,x 2,x 2,x 2,x 2,x 2,x 2,x 0,1 2,1 1,x 6,1 0,x 0,x 0,x 0,x 0,x  
0,x 0,x 0,x 0,x 0,x 6,1 1,x 0,1 2,1 2,x 3,0 8,0 8,0 8,0 8,0 8,0 8,0 5,0 2,x 0,1 2,1 1,x 6,1 0,x 0,x 0,x 0,x 0,x  
3,0 8,0 8,0 8,0 8,0 5,2 1,x 0,2 2,2 2,x 3,2 8,0 8,0 5,0 3,0 8,0 8,0 5,2 2,x 0,2 2,2 1,x 3,2 8,0 8,0 8,0 8,0 5,0  
6,1 1,x 1,x 1,x 1,x 1,x 1,x 1,x 1,x 1,x 1,x 1,x 1,x 6,1 6,1 1,x 1,x 1,x 1,x 1,x 1,x 1,x 1,x 1,x 1,x 1,x 1,x 6,1  
6,1 1,x 3,0 8,0 8,0 5,0 1,x 0,0 1,0 1,0 1,0 2,0 1,x 6,1 6,1 1,x 0,0 1,0 1,0 1,0 2,0 1,x 3,0 8,0 8,0 5,0 1,x 6,1  
6,1 1,x 3,2 8,0 5,0 6,1 1,x 0,2 1,2 1,2 1,2 2,2 1,x 3,2 5,2 1,x 0,2 1,2 1,2 1,2 2,2 1,x 6,1 3,0 8,0 5,2 1,x 6,1  
6,1 3,x 1,x 1,x 6,1 6,1 1,x 1,x 1,x 1,x 1,x 1,x 1,x 2,x 2,x 1,x 1,x 1,x 1,x 1,x 1,x 1,x 6,1 6,1 1,x 1,x 3,x 6,1  
3,2 8,0 5,0 1,x 6,1 6,1 1,x 3,0 5,0 1,x 3,0 8,0 8,0 8,0 8,0 8,0 8,0 5,0 1,x 3,0 5,0 1,x 6,1 6,1 1,x 3,0 8,0 5,2  
3,0 8,0 5,2 1,x 3,2 5,2 1,x 6,1 6,1 1,x 3,2 8,0 8,0 5,0 3,0 8,0 8,0 5,2 1,x 6,1 6,1 1,x 3,2 5,2 1,x 3,2 8,0 5,0  
6,1 1,x 1,x 1,x 1,x 1,x 1,x 6,1 6,1 1,x 1,x 1,x 1,x 6,1 6,1 1,x 1,x 1,x 1,x 6,1 6,1 1,x 1,x 1,x 1,x 1,x 1,x 6,1  
6,1 1,x 3,0 8,0 8,0 8,0 8,0 5,2 3,2 8,0 8,0 5,0 1,x 6,1 6,1 1,x 3,0 8,0 8,0 5,2 3,2 8,0 8,0 8,0 8,0 5,0 1,x 6,1  
6,1 1,x 3,2 8,0 8,0 8,0 8,0 8,0 8,0 8,0 8,0 5,2 1,x 3,2 5,2 1,x 3,2 8,0 8,0 8,0 8,0 8,0 8,0 8,0 8,0 5,2 1,x 6,1  
6,1 1,x 1,x 1,x 1,x 1,x 1,x 1,x 1,x 1,x 1,x 1,x 1,x 1,x 1,x 1,x 1,x 1,x 1,x 1,x 1,x 1,x 1,x 1,x 1,x 1,x 1,x 6,1  
3,2 8,0 8,0 8,0 8,0 8,0 8,0 8,0 8,0 8,0 8,0 8,0 8,0 8,0 8,0 8,0 8,0 8,0 8,0 8,0 8,0 8,0 8,0 8,0 8,0 8,0 8,0 5,2